0.000791015625,-0.0112973632813,0.00155883789063,0.321664
0.0151953125,-0.00226416015625,-0.0118688964844,0.359895
65292
2768554687,0.000427734375,-0.00106005859375,0.393712
-0.000768310546875,-0.003478515625,-0.00545458984375,0.412773
2993
-0.0106455078125,-0.0122612304688,-0.00137451171875,0.483643
-0.0072275390625,-0.00640185546875,9.033203125e-05,0.504751
0.0013173828125,-0.00225146484375,-0.00161865234375,0.544177
0.0013173828125,0.00141064453125,0.00521728515625,0.564625
-0.0003916015625,0.00165478515625,-0.00161865234375,0.584881
467066
0.00139379882813,-0.00381762695313,0.000489501953125,0.501946
-0.000803466796875,-0.000399658203125,-0.00439331054687,0.536771
0.00114965820313,-0.0104094238281,-0.00903198242187,0.571628
0.000905517578125,-0.00210864257813,-0.00390502929687,0.606273
0.00505590820313,0.00155346679687,0.00219848632813,0.640931
-0.00544213867187,0.00179760742187,-0.00610229492187,0.675977
-0.00934838867187,0.0164460449219,-0.00341674804687,0.707571
0.0143332519531,-0.000887939453125,0.00586059570313,0.724927
-0.00422143554687,-0.00259692382813,0.00293090820313,0.742385
0.000173095703125,-0.00332934570313,-0.00488159179687,0.759729
0.0116477050781,-0.0128508300781,0.00268676757813,0.777146
-0.0127663574219,0.00106518554687,0.00366333007813,0.794658
0.00114965820313,-0.00210864257813,0.00122192382813,0.811965
-0.00178002929687,0.00179760742187,0.000489501953125,0.829272
0.000905517578125,8.8623046875e-05,-0.000975341796875,0.846583
0.00139379882813,0.000821044921875,-0.00268432617187,0.863872
-0.0117897949219,0.00179760742187,0.00146606445313,0.881147
0.00285864257813,-0.000887939453125,0.00805786132813,0.898735
0.00188208007813,-0.000643798828125,0.00219848632813,0.933629
0.0118918457031,0.00179760742187,0.00268676757813,0.968235
0.00359106445313,0.00179760742187,0.00268676757813,1.002776
0.00285864257813,0.0166901855469,0.0217297363281,1.037366
-0.00300073242187,0.000821044921875,0.00976684570313,1.068903
-0.00373315429687,-0.00210864257813,-0.00927612304687,1.086422
0.00188208007813,-0.000155517578125,0.00854614257813,1.103687
0.00188208007813,-0.00455004882813,-0.000242919921875,1.120966
-0.00544213867187,0.0179108886719,-0.00317260742187,1.138372
-0.00226831054687,0.00228588867187,-0.00292846679687,1.155692
-0.000315185546875,0.00228588867187,0.00805786132813,1.172967
0.00285864257813,-0.00259692382813,0.00732543945313,1.190481
-0.00348901367187,-0.00992114257813,0.00366333007813,1.207882
0.0123801269531,-0.00308520507813,0.000489501953125,1.225214
-0.000559326171875,-0.00113208007813,0.00952270507813,1.242508
-0.00300073242187,0.0147370605469,-0.00195190429687,1.259776
-0.000803466796875,-0.00137622070313,-0.000731201171875,1.27707
0.00774145507813,-0.00381762695313,-0.00390502929687,1.294454
-0.00470971679687,0.0140046386719,-0.00341674804687,1.311934
-0.000559326171875,-0.00381762695313,-0.00414916992187,1.329231
-0.00251245117187,-0.000643798828125,-0.00170776367187,1.348112
-0.000803466796875,0.00130932617187,-0.0187976074219,1.382842
0.00163793945313,0.0147370605469,-0.00170776367187,1.417746
0.00237036132813,-0.0111418457031,-0.0112292480469,1.452707
0.00163793945313,0.000576904296875,-0.00268432617187,1.487943
-0.00178002929687,0.00375073242187,1.22070312503e-06,1.522795
-0.00153588867187,-0.00162036132813,-0.00439331054687,1.55778
-0.00373315429687,-0.00186450195313,0.00244262695313,1.592646
0.000417236328125,-0.00430590820313,0.00879028320313,1.627741
-7.1044921875e-05,-0.00332934570313,0.00561645507813,1.662551
0.000417236328125,-0.00259692382813,0.00317504882813,1.697179
0.0160422363281,-0.00381762695313,1.22070312503e-06,1.731837
-0.00373315429687,-0.00381762695313,-0.00439331054687,1.766692
-0.0130104980469,-0.00503833007813,-0.00292846679687,1.802229
-0.00715112304687,-0.0104094238281,0.00586059570313,1.837683
-0.000559326171875,0.0174226074219,0.00634887695313,1.873141
-7.1044921875e-05,0.0144929199219,0.00341918945313,1.908477
0.00163793945313,-0.00162036132813,0.00268676757813,1.943963
-0.00129174804687,-0.000155517578125,0.00122192382813,1.97969
-0.00275659179687,0.0166901855469,-0.00829956054687,2.015171
-0.00129174804687,-0.00870043945313,-0.00170776367187,2.050711
-0.000559326171875,-0.00113208007813,-0.00268432617187,2.086147
-0.00715112304687,-0.000643798828125,-0.00561401367187,2.121809
